23.59249923129918
22.635396063592957
24.770582413086835
23.59249923129918
24.770582413086835
23.59249923129918
24.770582413086835
24.770582413086835
24.770582413086835
23.59249923129918
23.59249923129918
24.770582413086835
24.770582413086835
21.53805333247673
24.770582413086835
24.770582413086835
24.770582413086835
20.069301283618106
22.595754718870616
24.770582413086835
24.770582413086835
24.770582413086835
24.770582413086835
22.635396063592957
22.595754718870616
24.770582413086835
22.59575471887061
24.770582413086835
24.770582413086835
24.770582413086835
22.635396063592957
24.770582413086835
21.846878725892154
24.770582413086835
24.770582413086835
23.59249923129918
21.724499702193775
23.59249923129918
24.770582413086835
24.770582413086835
24.770582413086835
21.53805333247673
23.59249923129918
24.770582413086835
24.770582413086835
23.59249923129918
21.669204417858936
22.635396063592957
24.770582413086835
22.635396063592957
22.635396063592957
23.59249923129918
23.59249923129918
24.770582413086835
21.669204417858936
24.770582413086835
24.770582413086835
22.635396063592957
24.770582413086835
22.595754718870616
24.770582413086835
24.770582413086835
22.635396063592957
24.770582413086835
24.770582413086835
24.770582413086835
23.59249923129918
24.770582413086835
24.770582413086835
23.59249923129918
24.770582413086835
24.770582413086835
24.770582413086835
24.770582413086835
24.770582413086835
21.724499702193775
22.635396063592957
21.669204417858936
24.770582413086835
24.770582413086835
22.595754718870616
21.846878725892154
24.770582413086835
20.74504103555163
22.635396063592957
23.59249923129918
22.595754718870616
23.59249923129918
24.770582413086835
20.389562904456533
24.770582413086835
